324.3949958  46.7971222  8.00
325.2360833  46.0184972  8.01
323.5844833  45.9954083  8.01
323.7551375  46.6609111  8.04
324.4555458  46.1842167  8.05
323.6962125  47.4446250  8.06
323.8454000  46.9451472  8.06
323.7138875  47.2244611  8.08
324.6169458  46.2802250  8.08
325.6970333  46.3084944  8.10
323.7074708  46.2045333  8.10
323.6585083  46.0236889  8.11
325.2984833  46.5178583  8.14
324.0878167  46.3508833  8.15
324.2077792  46.3077389  8.15
325.2093750  45.9761083  8.15
324.8690292  46.8666389  8.16
325.4643667  46.1960667  8.20
324.3084000  47.2413889  8.20
325.3891250  47.2430333  8.21
323.8450875  47.0400389  8.25
323.9425208  46.7014722  8.26
323.7030000  46.2349389  8.26
323.8437917  46.0288583  8.27
323.8039750  47.4075389  8.27
323.7052875  47.2540278  8.28
324.6120958  47.4607806  8.28
325.4683667  47.1517750  8.31
324.1085875  47.3298806  8.31
324.0298625  47.4662139  8.33
324.8519958  45.9997444  8.34
324.1805000  46.3282361  8.34
323.5593167  47.1443778  8.34
324.7920917  46.5788500  8.35
325.2693500  46.4343861  8.35
324.0991542  46.1901167  8.37
324.0784708  46.6859472  8.38
323.6357667  46.8202750  8.39
325.3730875  46.4589833  8.40
324.8490208  46.4084056  8.40
323.9874292  46.4314972  8.41
323.9690417  47.4956389  8.42
323.6702917  46.5350333  8.44
325.5617875  47.3584028  8.44
324.4055208  46.0156639  8.47
324.0058000  46.7582556  8.49
323.7176417  46.7617111  8.49
323.8072750  46.8157528  8.49
325.1749958  46.2756833  8.49
325.0723375  46.1400528  8.50
324.6469125  46.2668500  8.51
324.6864750  46.4606667  8.51
323.8377958  46.5917250  8.52
323.5474000  47.2614472  8.52
324.8086917  46.1527361  8.53
324.5699500  46.5519139  8.53
325.3367542  46.9851222  8.54
324.4230208  46.2090944  8.54
324.5271833  47.3606611  8.54
324.3771000  47.2546389  8.55
325.2361042  47.2750583  8.56
325.3611583  47.4447889  8.57
324.4419292  46.1723750  8.57
323.6102417  46.9704778  8.57
323.5792833  46.4738167  8.57
325.3818750  46.1219444  8.58
323.9812292  46.2002528  8.62
324.3806833  46.6216556  8.64
323.7367708  46.8977139  8.64
323.7204625  46.7717472  8.65
325.2199458  47.1951278  8.65
325.0181750  46.2717361  8.66
324.0494292  46.0750778  8.68
323.6779417  46.0148083  8.70
324.6575917  46.7119528  8.72
325.3459875  46.3664972  8.73
323.8343833  46.8039500  8.73
323.5644958  46.0191583  8.74
323.9005833  47.1712833  8.74
325.1929833  46.0755778  8.75
323.5553875  46.4134944  8.77
324.3973708  47.1031028  8.78
324.7560583  46.3148000  8.78
325.5647500  46.1029972  8.78
323.5465792  46.1635833  8.79
323.8681625  46.8453222  8.79
324.7478458  45.9823917  8.80
324.1766625  46.9594083  8.80
325.3816750  46.0305139  8.81
325.0956625  46.3652389  8.82
325.5601125  46.3433944  8.82
323.5908208  47.2611611  8.86
324.5323542  46.1101417  8.87
324.6747917  45.9871778  8.87
324.4024167  47.3098167  8.88
324.1756792  47.3748917  8.90
325.4614208  45.9838778  8.92
325.6492750  47.3096194  8.92
324.0296542  47.2733306  8.93
323.7586958  47.1436528  8.93
324.4094625  47.2755083  8.94
325.2669417  46.0529222  8.94
323.5407458  47.2567778  8.95
324.2196500  46.7207361  8.95
325.5109250  46.2365528  8.95
323.8418125  47.0968222  8.96
325.4998333  46.1768500  8.97
325.7828417  46.7325278  8.97
324.9402833  46.8187472  8.97
323.9234792  46.9833000  8.99
324.3700792  47.0670250  8.99
325.7874292  46.5081333  9.01
324.5388250  46.9745722  9.02
323.7419292  47.3774639  9.02
323.8733958  46.1702833  9.03
325.4402750  46.4695361  9.03
325.2755958  46.3630417  9.05
325.3373167  46.0249389  9.05
323.5640125  47.4099778  9.07
325.3103917  47.4234417  9.07
325.0777542  46.9295639  9.08
324.8196250  46.3223833  9.08
323.7450667  47.1965000  9.10
323.8571833  46.1709111  9.10
324.0039125  46.0984333  9.10
324.6259500  46.8877667  9.10
324.2621583  46.1807361  9.12
323.6096875  46.6871417  9.12
325.7139042  46.8127139  9.15
324.5272792  46.2152111  9.17
323.6054167  47.4202111  9.17
323.6430917  46.7717778  9.17
323.6149208  46.8624583  9.18
324.4360958  46.7949556  9.18
325.5933958  46.8475500  9.19
323.9793458  46.4065556  9.19
324.1574292  46.1006389  9.20
324.3068500  46.0958750  9.21
323.9269458  47.4122278  9.21
323.8161292  47.3047500  9.22
323.9081250  47.4488028  9.22
323.6476792  46.7321750  9.22
324.3984625  47.2389917  9.22
324.2094000  46.4638667  9.23
324.2795083  47.1391417  9.23
325.7100250  46.1161028  9.23
324.4216500  47.3690083  9.23
324.5837708  47.2397278  9.25
325.1433333  46.4701306  9.26
324.0211542  46.4179472  9.26
323.7432958  47.3773639  9.26
325.7581708  47.2785639  9.27
323.9822000  46.9353250  9.28
323.5992750  46.4950944  9.28
324.5266708  47.2901389  9.28
323.5978000  45.9731167  9.29
325.0831875  46.2375111  9.31
325.0618458  46.8604611  9.31
324.9997667  47.0037194  9.31
324.0195625  46.3186333  9.31
324.5120083  46.9128944  9.32
324.8406667  46.9541472  9.32
325.3480833  46.2775833  9.32
324.0535375  46.0148361  9.33
323.6329500  46.3254667  9.33
324.0378750  47.1657833  9.34
323.6640958  47.3608333  9.34
323.6718083  46.0333667  9.34
324.6173542  47.2867611  9.34
325.1933875  47.1887139  9.35
323.7586417  47.1488083  9.35
325.1693375  46.1722444  9.35
324.1225292  46.5481722  9.35
323.6123208  45.9604306  9.36
325.0622750  46.8207861  9.37
324.0262625  47.2591833  9.37
324.2078208  47.1676000  9.37
324.8773167  46.8817667  9.37
324.5936958  46.0004583  9.38
325.0946917  46.1381444  9.38
325.7822625  46.2259417  9.38
323.8217792  46.7583306  9.39
324.9192958  47.1651889  9.39
324.7290042  46.5629611  9.39
324.5350792  46.0692472  9.40
323.6807125  46.1959028  9.40
324.7890542  47.2394222  9.41
325.6529292  46.9131667  9.41
325.4016208  46.1314500  9.42
325.1338958  46.4328417  9.43
323.8352958  47.0750861  9.43
323.7472833  46.3440472  9.43
323.9513000  45.9714278  9.44
325.4681792  47.3065000  9.44
324.0250833  46.8270667  9.44
323.6117250  47.3496889  9.46
324.5895208  46.1544722  9.46
323.9612083  47.1287722  9.46
323.7251750  46.0596528  9.46
325.4316000  47.0298000  9.47
325.3794583  46.8666139  9.47
324.2551250  47.0272861  9.47
324.7890833  46.1016083  9.48
324.0128917  46.1309333  9.48
323.6042542  46.4664889  9.50
325.6817625  46.9600556  9.50
324.9225875  46.2202306  9.50
324.1511333  47.0732889  9.51
325.3551708  47.0960694  9.52
323.5975542  47.3030083  9.52
324.3469917  46.4253917  9.52
324.7502292  46.2723972  9.53
324.1481000  47.4684417  9.53
324.4685042  45.9614500  9.53
324.8405375  46.6666500  9.53
325.6262542  46.3605472  9.54
325.5809042  46.7737889  9.54
324.2586000  47.4079861  9.54
324.6976250  46.1762861  9.54
325.2614458  46.2867611  9.55
324.2890542  46.8147333  9.55
324.2860958  47.3650250  9.56
324.3663042  46.6395389  9.56
325.5889208  46.0913972  9.56
324.6183792  46.5295972  9.56
325.6263417  46.0123417  9.56
323.8688875  46.1891028  9.56
323.8040667  46.8665278  9.57
324.7755208  46.9415889  9.57
325.3429792  46.3117111  9.57
324.7086708  46.4092750  9.58
324.5715042  46.1543861  9.58
324.7460792  46.5872389  9.59
324.5873750  46.7725833  9.59
325.0872417  46.5769778  9.59
325.7480417  46.6526639  9.59
323.9983167  46.5043361  9.60
325.5081000  47.3284194  9.60
324.0340958  47.4308472  9.60
325.2700833  47.2895472  9.61
323.8902000  46.3453250  9.61
323.7211292  46.8171722  9.62
324.6862167  47.1060917  9.62
324.9707542  45.9692278  9.62
324.8898250  46.2696278  9.62
323.5389000  47.0028333  9.62
324.1408125  47.0915250  9.63
324.9210000  46.5085528  9.64
324.4284625  47.3288972  9.64
324.9602167  46.5093833  9.64
324.3416250  46.7341028  9.64
325.5274458  46.0946278  9.65
323.8890500  47.4173667  9.65
324.8229583  46.3999361  9.66
324.8185000  46.7822306  9.66
325.2108917  47.2014111  9.66
324.9458875  46.5698972  9.67
324.3406875  46.5840139  9.67
324.3365458  47.2388528  9.67
325.2837042  47.4030417  9.67
324.9701208  46.1537667  9.67
324.0271042  46.4446028  9.67
325.5556958  46.3409083  9.69
324.3339208  46.5854250  9.69
324.0025250  46.5946389  9.69
323.9905250  47.3869250  9.69
325.6315292  46.9983111  9.70
325.6716250  47.4571750  9.70
325.0611375  47.1362472  9.70
325.3928083  47.3416667  9.71
324.7617458  47.2642361  9.71
325.6626917  46.6146861  9.71
325.4953625  46.7850806  9.71
323.9627042  47.1336111  9.72
325.3502750  46.8169583  9.72
325.0330833  46.1003667  9.72
323.7557292  46.9698444  9.72
324.9254250  47.2299028  9.73
324.0806292  46.2304722  9.73
325.0509292  47.0631556  9.73
324.9766625  46.0197639  9.73
325.5637167  46.1055778  9.73
324.0648667  46.3145000  9.74
325.0794542  47.2923806  9.74
324.8051125  46.0202528  9.74
325.2989792  47.4143083  9.74
323.7633042  47.0928000  9.74
325.3451333  47.1178028  9.75
325.2527333  46.2820778  9.75
324.0651583  46.9570278  9.75
324.3116875  45.9796361  9.75
324.1865542  46.1233611  9.76
323.6124333  46.5746917  9.76
324.7481250  46.0011667  9.77
324.9162375  47.1948417  9.78
324.0823083  46.8259806  9.78
323.7559542  46.6536417  9.78
323.7992958  46.5725750  9.78
324.3068417  46.0491944  9.78
324.1046333  46.1293722  9.79
324.3537708  46.5301167  9.79
324.2325792  47.1628083  9.80
323.6848042  46.4103278  9.80
325.4582000  47.0246389  9.80
325.0641250  46.3816722  9.81
325.3906708  46.3597028  9.81
324.3450250  47.0324583  9.81
323.8408125  47.0926889  9.81
323.7631125  47.4413806  9.82
325.1014625  46.8020389  9.82
324.3755333  46.3425778  9.82
323.8981583  46.8813861  9.83
324.5488583  46.1893528  9.83
324.5644583  46.7165722  9.84
323.9917375  46.5546139  9.84
325.6402792  46.3327361  9.84
324.1404750  47.1975389  9.85
325.3183667  46.4140889  9.85
324.7732042  47.3550806  9.85
325.1787625  46.4763250  9.85
323.5863250  46.9639639  9.85
325.5300792  47.3713750  9.85
323.9717583  47.2938833  9.86
325.6068833  47.0941194  9.86
325.2317583  46.0646722  9.86
324.8430875  46.1795500  9.86
324.4347458  46.2481194  9.87
325.6320917  47.4158583  9.87
324.8504875  46.4716528  9.88
323.8882458  46.6574444  9.88
324.1526208  47.2683528  9.88
324.1643292  46.4965139  9.88
325.5907208  46.8908611  9.88
325.0837208  47.2090417  9.88
325.7792542  46.7327778  9.88
323.7354083  47.4182278  9.88
324.5578458  46.8859750  9.89
325.5532542  46.1592056  9.89
325.1318292  46.4885639  9.89
325.5996958  46.7051472  9.89
325.2467125  47.3439028  9.89
325.6657042  46.3500667  9.89
323.7166292  46.4453083  9.90
323.6664542  46.9069389  9.90
325.7008042  46.6509389  9.90
324.0900167  46.6175222  9.91
324.2106000  46.7370222  9.91
325.4006500  46.6752667  9.91
323.8746792  47.0420611  9.91
324.8165667  46.1978250  9.92
324.6716875  46.7629333  9.92
323.9868542  46.3089972  9.93
325.6303917  47.3297194  9.93
324.2271917  47.4289056  9.93
325.6287375  47.2110972  9.93
324.0711750  46.5644389  9.94
325.4893542  47.2017028  9.94
324.0400958  46.7753000  9.94
324.1830542  47.2566111  9.94
323.8707875  46.2657139  9.95
325.5127292  46.3291694  9.95
324.0494792  47.3295889  9.95
324.2455875  46.0810750  9.95
324.3730208  47.4032639  9.96
325.2192667  47.1406333  9.96
324.6082958  46.6831083  9.96
323.6180750  47.0002778  9.96
324.5035708  46.4840556  9.96
325.0268542  46.0996250  9.96
325.5555292  46.8305500  9.97
325.1086792  47.3742833  9.97
325.7016083  47.0414722  9.98
323.7806542  46.5610361  9.98
324.6890958  46.2874000  9.98
323.8592458  46.6414028  9.98
323.9260000  46.8350139  9.99
324.1071417  47.3471528  9.99
323.5452750  47.3287778 10.00
324.7129333  46.0331889 10.00
325.6458208  46.0132361 10.00
324.7878375  46.5028889 10.00
325.7726417  46.1068194 10.00
325.4456833  47.4506639 10.00
324.1236542  46.7021972 10.00
324.2870333  47.2173833 10.01
323.8367292  46.2318639 10.01
324.0549667  46.7057917 10.01
324.0156500  46.6330667 10.01
324.8072042  47.1329472 10.01
323.5355750  46.6858639 10.02
323.6668958  46.0208889 10.02
323.6025083  47.4161194 10.02
324.4218583  46.0797833 10.02
325.5464167  46.3228389 10.03
324.1401042  47.1329972 10.03
323.9226000  47.0205722 10.03
324.3039000  47.1746250 10.03
325.7626792  47.1152028 10.04
325.0720833  47.2863611 10.04
324.8295833  46.8665361 10.04
324.2201875  46.6982500 10.04
325.5415875  46.3186444 10.04
324.2420458  47.4078250 10.04
325.2530417  46.4366528 10.05
324.5703542  46.3886333 10.05
323.5687542  46.3416472 10.05
325.5220417  46.6544028 10.05
325.7627583  46.1668889 10.05
324.3425750  46.4958639 10.06
325.4221458  46.3981694 10.06
324.9580958  46.2584750 10.06
324.6106458  46.0203750 10.06
325.3425000  46.6904000 10.07
324.4586917  47.4023028 10.07
323.5936917  46.1199583 10.07
324.2566292  46.7716861 10.07
324.2506750  46.7090806 10.07
324.3757875  47.0801472 10.07
325.5432042  47.4225861 10.07
324.5002500  46.6759667 10.07
324.6855167  45.9624028 10.08
324.6821458  46.7640806 10.08
324.9706083  46.1738167 10.08
324.2523667  47.2823000 10.08
325.5351833  46.4866528 10.08
324.3017000  46.8492417 10.09
323.6534500  47.2011389 10.09
325.0841750  45.9985667 10.10
323.8059750  47.0110389 10.10
325.7725250  47.0011056 10.11
325.6070500  46.0041667 10.11
323.9982375  46.0350611 10.11
324.1212333  47.4751583 10.12
