324.4418872  46.7409137 -6.34
324.8518768  46.2597501 -6.22
324.6512005  46.8291460 -6.11
325.2127134  46.8891255 -5.54
324.2892282  46.8146767 -5.43
324.8231083  46.3999897 -5.40
324.3952832  46.7969644 -5.25
324.8772874  46.8815054 -5.21
324.8273860  46.6554102 -5.11
324.5123378  46.9126831 -5.08
324.4362988  46.7947112 -5.07
324.7879875  46.5031148 -5.04
324.8406125  46.6667512 -4.98
324.5668495  47.0399974 -4.96
325.0192865  46.8206659 -4.91
324.3421450  46.7341473 -4.85
324.3955696  46.6846225 -4.82
325.0692741  46.6164737 -4.81
324.9196950  47.1660319 -4.80
324.6529176  46.5652420 -4.72
325.3431263  46.6903605 -4.60
324.8491301  46.4084943 -4.57
324.9310679  47.1168646 -4.51
324.7921781  46.5791413 -4.42
324.3170327  46.8055832 -4.38
324.4134515  46.9948402 -4.34
324.8313599  46.8165744 -4.25
325.1911564  46.4633489 -4.23
325.0812716  46.7451370 -4.16
324.5582589  46.8857406 -4.00
324.3995745  46.9479034 -4.00
324.5509825  47.0745732 -3.97
325.3801690  46.8666040 -3.96
324.6124643  46.3436973 -3.94
324.5431715  46.8802790 -3.94
324.9555252  46.6027241 -3.89
324.1211063  46.7274654 -3.81
325.0666662  46.7806670 -3.80
325.1043296  46.4701073 -3.79
324.9650867  46.8160563 -3.78
324.4532151  46.8053274 -3.75
324.6970215  46.2897534 -3.74
324.8153681  46.9967831 -3.68
324.8197717  46.3219857 -3.68
324.8919971  46.7770442 -3.65
324.8746905  46.8404205 -3.64
325.1199439  46.5697851 -3.62
325.2686631  46.6899629 -3.54
324.3334329  46.8600845 -3.53
324.8393383  46.2399958 -3.49
324.8214621  46.2247635 -3.49
325.1905079  46.8607584 -3.47
324.6519873  46.4868595 -3.45
325.0803897  46.8734320 -3.42
324.2600027  46.7285807 -3.38
324.6485132  47.1674292 -3.34
325.1064329  47.0268593 -3.32
324.6898497  47.1631332 -3.30
324.7087750  46.4093319 -3.29
324.7501441  46.2714589 -3.28
325.2411510  46.5916278 -3.23
324.9206558  46.6602021 -3.22
324.8691746  46.8180136 -3.16
325.3613976  46.8259198 -3.16
325.1341578  46.4326652 -3.15
324.6212336  46.3425789 -3.15
324.0528975  46.7059141 -3.15
324.7652091  46.3283396 -3.14
325.1434324  46.4700078 -3.13
324.7764863  46.6049915 -3.11
324.4898917  46.9556555 -3.10
325.1478020  46.6702391 -3.09
324.9701732  46.9449503 -3.09
324.5645243  46.4512590 -3.06
325.0826767  47.0215647 -3.04
325.2189427  46.8943856 -3.02
324.6540442  46.6719205 -2.98
324.5928742  46.6964534 -2.98
324.6578856  46.7119099 -2.97
324.6122876  47.0058238 -2.97
324.3665492  46.6395467 -2.95
324.2870976  46.8693393 -2.94
324.8048936  46.5385763 -2.89
325.1248774  46.5036549 -2.89
324.9592298  46.5096526 -2.89
324.2103841  46.7370147 -2.89
325.0615043  46.8602418 -2.88
325.0643358  46.3813624 -2.88
325.1675369  46.7770252 -2.86
324.3339852  46.5854188 -2.86
324.4219681  46.5922471 -2.85
324.1905539  46.6684883 -2.84
324.8094680  46.2287600 -2.83
324.8064709  46.4347027 -2.83
324.5869753  46.3940515 -2.83
325.2799753  46.7743632 -2.82
324.7977378  46.5195652 -2.80
324.7561008  46.3143730 -2.79
325.4967207  46.7850631 -2.79
324.2199937  46.6982141 -2.75
324.7813107  46.7888724 -2.73
324.7815398  46.4214710 -2.69
324.3571712  46.6346684 -2.69
324.9313279  47.0613518 -2.67
324.4710476  46.7729690 -2.67
324.7357438  46.3609440 -2.65
324.3119059  46.7508296 -2.64
324.8505163  46.4718681 -2.64
325.2113746  46.7067907 -2.63
324.5649475  46.7165302 -2.63
324.3268350  46.8512857 -2.62
325.4651391  46.7485017 -2.62
324.3880816  46.6213926 -2.60
324.7756444  46.9412413 -2.59
324.7825898  46.6762909 -2.57
325.1293422  46.4949704 -2.57
