324.4419131  46.7409272 -6.34
324.8521739  46.2598720 -6.22
324.6511766  46.8292148 -6.11
325.2126557  46.8893427 -5.54
324.2892125  46.8146499 -5.43
324.8233263  46.4001040 -5.40
324.3952775  46.7969656 -5.25
324.8772340  46.8816340 -5.21
324.8274600  46.6555256 -5.11
324.5122669  46.9127152 -5.08
324.4362944  46.7947232 -5.07
324.7881474  46.5032198 -5.04
324.8406801  46.6668701 -4.98
324.5667068  47.0400439 -4.96
325.0192674  46.8208320 -4.91
324.3421747  46.7341345 -4.85
324.3956272  46.6846238 -4.82
325.0693701  46.6166530 -4.81
324.9194812  47.1661717 -4.80
324.6530425  46.5653113 -4.72
325.3431806  46.6906122 -4.60
324.8493433  46.4086155 -4.57
324.9308818  47.1170074 -4.51
324.7922951  46.5792474 -4.42
324.3170221  46.8055637 -4.38
324.4133343  46.9948462 -4.34
324.8313431  46.8166908 -4.25
325.1913387  46.4635605 -4.23
325.0812950  46.7453195 -4.16
324.5582031  46.8857849 -4.00
324.3994837  46.9479057 -4.00
324.5508203  47.0746155 -3.97
325.3801240  46.8668655 -3.96
324.6127141  46.3437559 -3.94
324.5431188  46.8803193 -3.94
324.9556289  46.6028734 -3.89
324.1211398  46.7273942 -3.81
325.0666696  46.7808456 -3.80
325.1045081  46.4702959 -3.79
324.9650702  46.8162081 -3.78
324.4532047  46.8053439 -3.75
324.6973017  46.2898344 -3.74
324.8152497  46.9968953 -3.68
324.8200337  46.3220991 -3.68
324.8920026  46.7771767 -3.65
324.8746603  46.8405484 -3.64
325.1200662  46.5699778 -3.62
325.2687176  46.6901949 -3.54
324.3333916  46.8600694 -3.53
324.8396465  46.2401144 -3.49
324.8217789  46.2248774 -3.49
325.1904662  46.8609697 -3.47
324.6521564  46.4869286 -3.45
325.0803408  46.8736142 -3.42
324.2600355  46.7285462 -3.38
324.6482987  47.1674973 -3.34
325.1062976  47.0270484 -3.32
324.6896376  47.1632122 -3.30
324.7089878  46.4094160 -3.29
324.7504346  46.2715539 -3.28
325.2412610  46.5918526 -3.23
324.9207271  46.6603422 -3.22
324.8691570  46.8181400 -3.16
325.3613755  46.8261763 -3.16
325.1343574  46.4328617 -3.15
324.6214840  46.3426399 -3.15
324.0529431  46.7058248 -3.15
324.7654675  46.3284386 -3.14
325.1436109  46.4702067 -3.13
324.7765888  46.6050935 -3.11
324.4897965  46.9556817 -3.10
325.1478677  46.6704392 -3.09
324.9700840  46.9451034 -3.09
324.5647134  46.4513050 -3.06
325.0825443  47.0217475 -3.04
325.2188820  46.8946045 -3.02
324.6541089  46.6719901 -2.98
324.5929251  46.6965068 -2.98
324.6579278  46.7119805 -2.97
324.6121641  47.0058823 -2.97
324.3666322  46.6395403 -2.95
324.2870511  46.8693119 -2.94
324.8050335  46.5386858 -2.89
325.1250370  46.5038489 -2.89
324.9593860  46.5098029 -2.89
324.2104122  46.7369671 -2.89
325.0614629  46.8604191 -2.88
325.0645643  46.3815404 -2.88
325.1675424  46.7772305 -2.86
324.3340987  46.5854038 -2.86
324.4220778  46.5922554 -2.85
324.1906206  46.6684354 -2.84
324.8097825  46.2288707 -2.83
324.8066693  46.4348126 -2.83
324.5871967  46.3941034 -2.83
325.2799823  46.7745982 -2.82
324.7978884  46.5196728 -2.80
324.7563671  46.3144696 -2.79
325.4967216  46.7853554 -2.79
324.2200437  46.6981690 -2.75
324.7813095  46.7889756 -2.73
324.7817457  46.4215743 -2.69
324.3572570  46.6346596 -2.69
324.9311731  47.0614946 -2.67
324.4710554  46.7729902 -2.67
324.7359838  46.3610352 -2.65
324.3119262  46.7508088 -2.64
324.8506938  46.4719896 -2.64
325.2114197  46.7070076 -2.63
324.5649871  46.7165763 -2.63
324.3267987  46.8512688 -2.62
325.4651606  46.7487856 -2.62
324.3881748  46.6213919 -2.60
324.7755573  46.9413430 -2.59
324.7826521  46.6763945 -2.57
325.1295067  46.4951656 -2.57
