1146.7153 338.1817  324.2890541666667 46.81473333333333
1332.7003 690.3992  324.3949958333333 46.79712222222222
1423.0977 810.2888  324.4360958333333 46.79495555555555
1120.1622 2805.9756  324.7878375 46.50288888888889
953.4298 767.5768  324.341625 46.73410277777778
479.2708 3538.0115  324.819625 46.322383333333335
553.6614 2923.0266  324.7086708333333 46.409275
645.9078 396.9672  324.21060000000006 46.73702222222222
514.1413 560.3053  324.2201875 46.698249999999994
1149.4218 3088.0896  324.8504875 46.47165277777778
1424.0742 1438.4489  324.56445833333333 46.716572222222226
